$ANSIBLE_VAULT;1.1;AES256
34346663393839383464613637616162613135363231636663323835346664333836636238633862
6535366537333836643137313935363037333337333331640a313566303461306336333263316634
33353930393237383538666535373961306337356462656561626132383833616638323930643039
3330643363633561390a613038653731323866363231313166346232633039336231326636393064
38316530383961633865323838303632363537616434393134386263626666366134613833393233
64623234626266323637303036393433376264633133653664313563323235363439326132306135
61613038323135653663376631356333373330323130383235633438616332343366656363626664
34343561313566643435303239326466333035643961346533656365393761646432326264393564
31323939376435383334323238356332636237663636383161366264373465353435646438333734
32303831663764653635356264336237376235393839643666663166643061656431656234343264
66633635366436646632616262363330303235356134383566383236316339353462373439326631
64643335333831643530
